60
5
84
31
24
100
18
48
82
56
29
18
4
64
31
35
83
89
50
30
62
44
50
84
55
43
84
68
37
92
27
100
79
22
76
40
96
53
24
74
90
85
67
27
65
42
87
9
2
78
26
68
33
39
41
81
79
24
100
1
71
40
22
49
34
33
71
54
53
9
94
25
95
66
27
64
10
70
59
32
19
80
17
28
32
79
50
67
67
100
48
93
92
50
30
90
15
90
74
54
2
93
69
70
90
41
69
76
32
5
74
15
1
99
56
8
20
75
69
1
79
20
85
7
30
45
10
31
37
88
23
58
5
92
73
89
1
19
23
96
19
97
92
75
92
61
44
70
40
10
60
71
98
60
81
34
52
88
56
86
74
62
94
7
100
30
24
85
61
39
72
43
25
71
49
58
2
1
1
64
86
79
70
98
40
90
51
5
86
6
32
84
83
25
77
77
98
91
4
15
73
51
27
77
8
56
66
5
89
94
33
8
3
28
41
45
56
12
25
81
29
89
74
23
79
57
12
100
69
14
25
26
72
52
95
91
91
17
20
68
20
10
6
61
6
52
15
78
44
17
21
55
72
34
50
56
89
52
11
94
38
81
31
59
100
50
69
53
21
28
30
18
61
59
9
51
4
67
21
20
5
33
49
97
10
36
66
92
68
60
1
3
40
45
72
34
36
73
72
96
37
48
65
81
46
70
66
59
18
22
46
10
76
4
29
50
80
2
80
1
44
17
92
33
33
79
51
53
39
52
92
6
6
62
98
24
8
70
68
87
41
99
100
48
18
12
92
78
3
9
46
94
46
28
60
79
19
10
85
44
31
56
18
63
41
41
55
35
89
35
99
65
79
68
86
78
54
22
81
22
43
10
34
100
68
55
15
13
60
2
27
60
4
22
62
58
66
51
91
7
74
62
100
84
97
98
67
20
9
30
82
89
66
95
41
87
82
7
65
43
28
88
7
51
69
72
5
23
48
91
15
97
71
18
5
27
54
58
79
19
69
44
89
74
87
82
15
79
87
80
88
19
83
70
33
43
8
9
51
18
27
78
24
99
38
54
19
17
22
96
58
80
9
39
77
21
56
17
83
1
21
94
41
53
7
14
58
58
17
13
98
58
66
72
21
94
48
36
79
73
7
13
33
58
2
82
88
47
6
26
21
2
81
57
39
82
34
18
46
46
2
88
82
3
11
34
100
67
55
42
14
57
22
9
62
63
47
57
57
62
46
83
86
42
78
4
27
91
54
35
11
72
28
20
50
71
24
55
23
11
44
44
41
23
66
16
39
97
16
49
54
10
28
44
21
92
68
78
60
35
64
43
9
48
49
5
91
39
61
78
6
73
2
80
64
15
62
30
17
48
10
32
100
83
92
69
19
19
91
73
97
84
60
60
69
35
20
48
26
36
89
88
38
9
43
9
5
7
29
52
52
33
7
89
27
97
75
82
79
54
16
68
86
7
32
10
47
21
67
60
6
21
49
93
18
93
26
21
52
90
71
89
90
97
28
79
69
19
93
84
59
38
49
95
21
25
2
47
94
79
53
95
54
34
100
89
22
43
30
94
64
72
10
69
93
92
87
79
20
78
78
23
10
94
97
89
77
32
44
62
89
34
8
55
1
87
32
94
71
21
38
12
100
70
7
25
66
38
5
1
20
64
29
80
100
2
36
70
78
1
10
22
87
82
9
89
18
15
95
12
50
73
3
58
92
66
66
13
77
76
7
97
50
93
62
25
88
98
9
57
63
4
90
6
100
84
60
88
64
51
53
68
74
51
50
64
11
74
38
80
19
6
60
72
3
74
15
87
37
84
79
38
74
52
56
74
74
30
6
38
38
52
86
50
93
64
87
13
53
50
82
56
37
28
20
86
65
52
65
3
32
48
70
67
45
81
23
49
43
51
27
47
45
52
62
15
92
18
89
31
78
66
96
68
26
13
57
32
51
6
1
51
2
15
37
56
60
46
83
84
39
4
80
99
22
37
76
47
63
55
16
22
8
97
50
21
23
84
8
82
54
54
42
61
47
74
16
71
16
18
51
34
6
61
94
72
30
6
95
94
98
57
35
61
81
50
77
88
55
79
38
43
72
36
7
22
43
94
43
51
42
13
5
28
88
64
53
35
60
4
53
57
29
16
42
91
71
59
8
53
12
56
59
6
37
84
81
10
72
21
15
65
51
88
11
26
100
18
2
96
42
37
69
11
31
26
14
48
30
49
6
39
12
83
43
23
56
34
1
89
88
71
34
27
11
11
34
33
94
31
