30532
99296
24118
38393
48716
13558
72260
26069
17941
57053
64360
78124
14650
44187
14054
65218
86757
81667
71627
96746
21991
66355
36341
75926
83980
47867
66881
81332
56890
68309
60617
84766
92751
30862
38463
78140
39276
56466
60299
52933
91609
61476
24998
23021
38045
46198
44046
50154
18259
72206
31424
92608
13956
96160
10428
19320
31007
34285
70093
54729
12636
93574
53075
50326
87468
81497
54469
80078
7482
27027
4055
24701
4830
21504
78189
6638
66348
45007
69246
30106
56692
29300
83609
34167
1612
9855
53585
3903
85131
55432
14411
7491
21990
39151
98003
64857
80405
17072
15304
40659
81207
76726
86087
60270
31211
6198
48100
30833
81796
70860
24318
54864
34169
67046
92997
34570
26238
97106
28877
57371
65537
68106
65141
47476
52616
71433
47996
41638
64486
88921
26059
15777
1941
84571
54085
86173
42803
84142
24076
17306
16974
33191
67677
29277
39680
64776
16464
31006
73322
69649
31544
14371
50503
43068
25560
70098
20550
85086
69465
75692
52330
17098
36945
14736
15725
33917
50650
51264
42905
15075
94535
75302
6150
45204
80229
76558
43708
71051
69435
67139
28045
57211
43820
28936
32125
48107
32935
63114
54484
6825
68622
38393
52477
20630
93969
40511
57857
78335
36198
91122
65599
12732
17234
26909
20437
7694
56541
16121
1902
19648
90471
65687
1084
96058
97081
28934
57653
89901
65637
79748
26654
12601
36691
90403
33657
92203
52614
54857
47532
64480
58122
89273
3796
10363
27291
67513
97946
84296
90172
22918
10222
88558
86504
90657
34720
82838
32323
5089
84252
50247
29486
41000
75754
89174
98822
57983
28743
52339
63130
81674
22778
57645
51003
2065
75905
30497
18692
11407
48785
64710
71021
13862
73945
75793
40619
82002
66376
10065
35427
90516
80713
71754
81353
91972
88868
27439
25167
58521
89100
1977
53779
43506
92717
99104
5214
97897
42747
9649
88405
5162
44724
41299
68472
32035
27322
64228
83907
54697
72026
82252
76720
49061
73203
812
12878
91968
92423
70182
94620
93788
48972
44621
26219
70057
25168
72301
57418
43024
40565
30955
85450
89531
93722
89548
81479
39000
88468
36593
83603
52728
27314
62309
24356
39579
3885
78858
34626
52223
13677
16710
61782
62883
75138
60398
85879
13184
54737
82214
94062
43304
72464
46940
72050
47246
66922
32596
57462
63817
92869
21636
62
19885
20931
39088
16008
73713
31342
71770
80417
87646
72581
52481
73343
54198
52283
85901
79353
62110
72316
93982
61810
85705
78432
79273
62754
8636
54999
29140
2592
52150
53270
22282
30150
77071
90912
820
66173
63483
52298
6570
45121
82263
36077
32324
51796
4477
16066
48114
90693
14548
27525
55504
35198
13197
44764
9690
24911
75575
60419
99319
80441
89941
98958
24769
87072
98530
70440
38457
23687
64805
27726
80305
84660
68443
59287
22376
68107
91040
49805
11812
3398
620
68833
64222
16395
29300
22399
19679
96261
78010
57829
15574
11319
13935
47893
57273
59313
45863
97372
56521
9383
75901
87159
32895
27434
88896
39910
13259
15785
17301
43473
31045
73435
850
33502
15200
22208
58583
16106
38625
5848
1888
54777
82994
72778
58429
35073
29660
97535
51444
39742
43263
86265
9005
21552
53944
6902
51701
77857
92671
62543
12308
18012
77136
93933
31540
90113
41216
66914
89280
30929
60348
16674
75945
76798
5945
75309
30187
58270
4798
24868
67746
10333
15643
19435
11503
72009
40990
43867
59768
37134
7200
40943
75043
77069
48265
50110
73169
93231
96296
23391
39780
76235
37545
63277
48041
59694
11261
20572
70067
12944
32226
55718
83759
61900
90227
34701
30822
87893
45210
7346
24831
54678
82105
27224
47393
61508
18521
57387
67232
39922
14287
1940
78143
30313
20902
18811
21053
89199
60321
26010
94495
4033
20849
50290
93144
21063
5687
25809
4300
17711
5682
41120
78175
35189
49839
36987
6175
42104
31617
17899
47899
42931
36865
24170
89891
16973
67390
94101
43601
90225
67888
80606
58152
91998
82337
90167
11459
52862
3144
52231
23245
71170
88514
39709
92675
38926
9113
72825
80210
81521
10003
85354
17890
69424
16632
59501
77251
78937
14590
63573
72545
98413
36912
43553
12822
97925
99037
52087
30880
17964
64955
92914
12308
88953
62648
63882
44184
51852
96731
42207
12115
60811
81276
76834
54283
240
86558
54297
27914
21997
31313
29209
98174
71731
84164
44384
20826
24066
20372
17704
33211
98684
32944
88254
5418
17766
88652
7094
48992
43346
39429
48391
31213
71379
44842
73589
44592
4989
22076
95592
81337
30887
37269
30264
89935
44167
33602
45925
97707
47970
30324
70425
91407
82006
43080
80465
92442
57834
35897
86618
11162
5376
57028
56431
56572
29473
17881
10576
52468
48855
53058
89795
52072
73488
8057
43410
19641
40333
28049
85035
32322
702
18974
21220
14731
34509
3077
78548
44925
15837
78281
24675
85170
82195
95358
37999
7527
35674
43008
61330
541
23097
79345
54107
14640
34354
63811
29287
70463
60344
43630
55352
22473
40278
89498
63417
30656
98930
24339
89479
2106
91108
75961
77153
12065
75522
67398
68566
14456
70312
488
81164
22342
36343
12591
17983
1762
39434
17048
78616
56423
38837
69517
74591
51989
59981
16559
20687
22222
40081
81921
22471
32011
46621
27439
36244
16303
77163
38147
22718
99842
30569
71529
60470
93415
33870
61396
498
13742
36687
41572
66902
93418
20221
14677
60995
90904
72395
17999
33880
1897
87520
98461
35071
44386
71164
26540
33913
76641
75080
38754
7813
74429
1577
88215
53140
28432
84229
25458
65408
72054
38529
32274
94425
39326
82519
7648
48039
67697
86634
88418
84933
88866
66078
82831
75352
36222
9479
29895
9648
70981
32034
9804
12358
31507
63336
50970
23451
59090
76457
69223
17640
70558
40934
12212
70089
91743
88535
4080
75562
96455
15144
5452
47985
73854
3940
16906
89133
31272
61943
31571
80019
25689
58089
89455
34413
56684
47983
1235
15767
49863
13695
23820
44856
13945
78803
19377
35653
97873
78314
30390
92256
10314
44067
76366
40102
91515
59533
86732
1997
68773
503
70586
1535
99083
82480
79639
42710
26938
16606
14264
16658
97257
51136
63911
46147
18794
71318
25010
79337
23459
46751
35209
16391
21289
44830
56115
30691
56457
66984
79497
26447
85213
3099
90317
91347
31181
2266
89018
97790
27117
22827
17877
28323
80338
6132
41191
53942
17895
47520
73882
72427
26132
3480
77563
94694
55721
91979
52389
79523
65700
86327
8421
20247
19239
90705
71188
17862
17423
48256
95572
34360
91366
93581
61377
39123
19787
52355
28153
85902
81162
91717
9412
20160
40562
80203
21547
38092
21214
63519
82210
10966
70586
70686
49877
16080
30018
76958
85023
24563
89934
70900
30939
42515
79979
51757
40287
31049
34532
61408
2389
99198
91468
62079
11961
64359
45292
64606
62277
17413
98733
28201
99006
18637
14044
12820
1927
86122
8487
15426
16626
82014
10893
60714
60028
18269
25478
67700
87811
26766
61468
95203
51010
6930
51303
8818
66983
94195
59008
79507
4000
99603
97983
91451
2762
2108
37514
83760
54405
71930
36184
96990
10817
69729
41340
39343
90978
41305
29392
72491
89002
89817
32801
30244
99610
54291
63475
645
17866
39199
43907
40813
75359
92435
89452
25232
34734
97070
44790
3881
63115
15149
87464
90969
83976
51589
17573
7810
14505
43941
19083
99918
82656
56107
30424
60204
63089
52091
65569
38018
92980
57533
28001
8237
46359
68661
3487
90868
75234
42705
51882
69225
90068
71119
24305
1144
52661
73012
67530
59216
97306
60696
73933
11536
91554
20448
40115
10287
7292
32277
64759
48319
61853
84075
27879
46765
95928
77187
8437
7219
85692
42154
94140
8927
87374
47398
52653
79806
18918
11963
82067
76985
15832
21810
65027
92409
42139
83645
11967
37017
23977
94512
95071
96542
82702
32104
52859
78840
11456
19828
74590
33153
99554
76636
61811
10870
17056
93062
35618
50348
47927
22188
34201
93790
54250
8440
51459
12393
45544
3903
37436
89038
61539
5032
67249
86682
99137
17768
31054
11084
1172
444
75665
10541
70999
42469
34402
44276
34765
71917
95492
11904
99445
78445
75445
85244
47229
99913
63534
14353
922
47324
17536
10538
11647
77013
1831
66567
63133
24337
25270
43788
12099
96096
49796
23083
62888
15687
1959
30003
99444
60788
16472
9523
32785
22960
31807
3227
91172
66820
89264
29761
26915
64980
16849
70969
50191
72591
39337
8379
28545
44367
19747
79020
54639
17532
1327
90038
49859
64763
33167
41951
90336
64339
1813
15419
90967
83083
45321
85629
4456
53731
70740
48753
48756
20164
45113
16531
34368
47356
94392
17111
80502
89684
64492
83174
68222
75200
44374
36194
31271
75896
25082
74508
22735
75108
51472
62981
40172
37826
79643
72489
45270
64231
57322
82451
82512
55775
92976
66650
91261
94877
8630
47449
2105
1011
53065
27348
73785
57078
1868
70022
34893
7263
71707
88711
59788
97540
59304
85763
47205
26321
92833
44787
5435
82960
13114
67861
43559
4177
23124
8784
90800
10369
51595
51321
37743
85089
74452
33988
30322
89948
10664
20664
67297
23611
53742
85843
43672
3625
70729
66458
75693
44952
23601
89597
88725
57644
89476
12913
85335
23659
15560
5143
39267
87925
69235
77698
29139
27402
28303
56997
56167
49562
1484
14975
8387
90176
50828
20792
26337
71172
12428
111
86625
9814
11446
99657
66416
13757
35996
71653
77714
3346
73249
78060
70935
4461
85521
68007
79480
94152
36048
72411
79681
5044
13367
23579
72918
40165
35406
16485
23361
32587
66027
39562
23395
22267
35777
28519
16166
79520
6104
48445
89584
87682
90869
48105
12883
17639
62101
73619
52748
90578
693
96474
49147
83266
41966
51961
70399
71817
65780
75919
40358
77026
62358
75129
66915
18972
22685
94871
54057
83416
89389
47752
28120
52336
41947
2712
14022
97277
16279
50226
41958
15130
87685
69457
88613
90705
87355
43046
96076
32215
57247
2489
69797
70443
8429
26610
474
30594
44743
84158
5860
62946
12953
31351
84142
37733
68674
23571
40744
80075
55896
33877
67729
5918
36144
10533
67761
41855
51135
16537
8981
73086
2208
80327
23247
22851
91782
74634
36924
45094
49674
39560
99785
28870
35194
76534
28702
38462
75414
91985
67632
84420
58520
92982
42783
93010
84648
94320
69566
73747
6803
97946
50655
27576
3921
645
28272
45617
88732
56425
24777
6772
96427
62910
12251
73504
87098
18778
6368
27954
84485
34756
10794
34599
82950
87642
54960
45936
57854
51738
4493
40930
98273
22171
1443
18530
51864
8431
70965
13340
72991
72452
30190
70681
20500
71153
90606
10835
16673
63598
98019
62203
32166
86988
24123
20443
43750
72977
35805
33269
89680
80197
55941
34194
96402
35912
62990
85023
92987
27005
27943
14067
57489
49360
6059
74726
12393
83178
87667
43435
41647
56941
93300
26745
43114
79619
68996
64304
81433
65702
38190
70809
34532
60049
75864
50435
21063
76191
69176
5660
48612
34964
68911
30929
32301
85160
25554
11509
84617
64573
84895
64011
44843
65072
80542
57838
79336
31397
71504
44030
33244
98630
81012
46989
83613
24023
61429
16988
66288
8007
72394
71122
38401
98677
92158
13361
44799
38015
58521
38406
10530
3421
35208
71560
50450
29334
31937
59154
95029
86751
29577
77872
49410
35028
14283
78221
53744
94245
43751
92103
2793
50994
6939
73188
12284
26818
87140
73757
25922
17342
15822
7738
59506
33049
62752
46665
37952
53178
48621
33315
15334
82091
43117
5409
18673
55583
54416
36230
48030
22757
55815
65683
59859
57775
46844
20522
70799
55466
48202
7363
4516
50396
50831
79309
75748
34650
48786
87096
50438
62976
97754
88482
57055
62636
44859
12114
77233
11711
39431
77402
42188
70766
35655
52900
57477
56106
87870
694
78756
79092
3688
80874
89866
64318
66617
80924
90914
16540
10291
24205
2235
66080
43182
90393
23398
45038
50278
41926
93923
6860
94625
35572
93645
95044
28897
94020
72373
80542
74964
47956
37682
20773
33258
92171
76062
8623
16130
96899
9127
56560
95879
57528
64912
16861
44487
90179
10908
65529
22687
49396
53931
39327
97221
28463
14965
92606
44962
94728
60279
85202
62687
25130
63610
88386
39680
52685
73388
48114
30267
49620
67019
96474
40854
44792
46051
74745
53012
41586
73064
19592
7939
61790
65465
58895
43547
84306
51754
1568
17660
4892
92559
86497
72949
60757
38451
91578
41119
28332
51151
24840
47563
19512
96531
43644
41998
85222
2461
19662
62122
65747
29291
59399
8024
41273
14026
7673
53910
40020
36582
89546
57053
96627
70597
74229
40759
20045
58379
68392
73383
66040
48699
28640
811
51881
75385
54009
80516
50877
29081
10655
12474
46785
57775
55786
53824
96141
92695
31397
19906
91862
2449
350
86059
38296
99240
25364
90715
84745
18432
62662
5663
64502
82339
33306
88193
54090
98235
29380
18235
34585
34800
24073
9646
75558
59239
78828
28128
17244
28418
27325
50023
3188
6768
40192
42820
64379
372
85051
7988
64097
49289
81638
93628
90849
2452
16806
89273
66982
80493
86552
1711
14313
4809
29814
25551
65273
35829
37372
21063
44652
45564
35354
31938
3391
26377
42074
16098
79883
38611
86999
83892
60125
64319
55175
22372
9049
48674
84233
88814
39308
23328
31833
82618
67609
89883
96147
91870
92239
13801
75089
85208
56978
86226
2995
85983
5109
12849
64985
72019
37290
386
37205
12210
28215
74009
2863
32173
50215
82635
4078
79954
45368
7884
40561
88111
54108
26399
66572
11971
35357
94429
7736
3507
97788
40960
59185
78028
13373
48752
95068
91311
71812
65486
25019
43933
19441
42008
81501
23487
49081
45227
35138
42991
70101
37387
80271
34177
98254
3892
73697
28565
44542
10731
83959
33007
85631
61860
30552
28898
30225
53057
74386
75968
96711
6617
98409
84885
94230
91534
34788
60173
42708
44242
22025
88890
89658
94818
78357
13767
68036
75175
3736
92792
42778
75062
44288
87765
14752
65556
11924
11488
57896
759
1517
58123
95257
54666
60178
46319
71577
83901
14
31735
87536
39366
62956
42861
49817
78928
5633
98249
15400
98937
83433
67382
59364
54550
98438
44299
14891
80509
69958
16401
17527
10987
53453
97670
23434
99331
26036
46876
34743
87648
42863
1633
33327
23421
17599
49626
96488
57197
3179
79261
87227
47789
47990
11306
14149
34022
46687
23065
26929
53915
94442
51155
97398
18342
31983
16566
67653
17458
91228
42277
41861
37795
85804
93658
35269
72942
92792
41396
65348
50106
26574
77180
25838
60182
76817
48578
98500
60984
25383
74564
26980
65406
66167
63995
95856
75661
2934
82104
48317
42105
43923
83182
6782
31753
98949
35154
62287
38202
39545
62624
26145
15737
95101
98242
37640
19035
7835
97798
29128
14305
80602
37135
96044
68963
52225
5146
26631
82053
53534
66614
93188
34093
93489
12515
74330
52924
51944
75822
26345
98646
5892
70445
64593
99598
23540
49354
69645
79897
69851
89
93462
80317
66709
9885
46793
38875
83248
82303
27484
52682
48411
6569
76914
76602
45195
62472
90273
38462
1597
60608
88665
9794
49878
97957
29612
11254
80172
60715
21721
85110
49211
54778
63122
81866
33915
29526
83157
80699
70975
12332
61262
83314
11804
38324
46226
99147
38617
58488
42931
6113
32901
47810
75198
92424
65674
40405
21581
81807
22220
58757
93996
61915
94911
74354
53022
61927
80410
30462
44331
43972
81150
58030
75512
28607
88021
62032
45068
24289
5772
53245
54614
90052
9634
54195
66744
97905
85332
6896
4954
66569
96588
35242
11146
11962
65041
86816
35309
89913
93340
11907
36817
50312
13343
41881
39598
62841
73954
67194
84422
9788
22913
23536
364
13106
64913
78436
73725
99771
21879
10873
22859
21295
14898
2856
48017
51160
48637
3568
38284
73511
79367
39887
24812
57367
47749
22113
72293
55945
6157
80730
31721
78506
41103
55807
86389
10041
76113
64612
43043
30512
46761
62087
74937
38293
13579
80140
62084
93273
20636
79435
28610
10922
62987
90384
89257
7235
92112
47674
76113
34272
47271
19369
10677
63762
68084
82191
47631
39463
89106
32328
62769
97475
314
37184
13641
68390
6239
95830
15772
52434
14358
47835
31843
80793
11789
43922
79831
66384
6698
46151
7466
53182
35069
79731
54478
47614
71453
18602
14783
64037
49611
44576
96114
85764
48511
46416
57105
24574
51913
42638
68068
27643
81046
69241
60680
69430
93528
2727
56739
92783
7771
45367
85235
18353
86563
62518
71487
72095
65421
14789
22826
7912
60606
44319
23649
42345
59902
75452
3306
4550
89696
41305
55929
23698
34370
14388
1093
78443
49231
92921
86611
54196
51545
19734
31123
76540
37267
21347
47500
13093
14681
35436
44107
82892
65235
99562
8089
70613
19240
78922
85741
50803
58724
49373
46266
78324
51255
66196
77381
30633
82111
81606
15959
9282
81516
31897
5166
7138
6765
8392
77616
25920
83001
37397
20980
99076
66378
86869
24143
46318
86934
67570
5655
78494
49788
19933
54023
14008
76823
7620
91317
82614
81687
81578
82790
24286
71116
92492
21315
6170
69761
72119
54547
94590
56720
6414
99780
28186
65722
50859
7290
53214
54567
14273
5891
28778
79029
49917
19487
88549
45297
2207
12339
34029
56225
22441
97322
7734
28999
33217
92767
84642
58539
58960
42592
37166
94758
81792
63061
19726
44299
96817
77910
34866
9508
76676
43907
65153
56391
61950
25164
48333
52915
29550
65221
60610
95976
74277
36614
41381
29803
96951
99193
64355
61250
92901
20280
78921
54698
58067
70163
72605
40663
30397
41138
23931
19736
80886
91453
76896
83950
43467
65165
27917
4428
16897
24535
57124
77916
45489
93996
24280
77115
94659
35068
72573
59323
6532
11569
41751
58940
79773
81725
73781
39189
96829
46622
87150
1410
65217
81025
3642
6874
26645
81627
37661
17363
18078
60302
94890
84210
62940
90044
30250
78052
93612
55041
7506
33453
66622
99908
89130
69469
52673
46678
26948
54700
28558
98847
26531
52636
77461
22732
55032
28995
89373
32480
29858
3610
49459
19791
1413
83427
49877
47407
95082
78476
897
71400
79093
67460
14880
52390
97766
89851
18887
92140
52112
24567
85142
59878
59841
84680
24051
5829
73036
8462
57489
97432
59740
70963
69132
26055
15578
3449
12566
34794
90608
65095
20955
20923
32344
45983
36855
25638
13942
87735
88971
85152
14738
3041
69046
76640
12032
66400
51937
49531
24995
29767
92416
97811
34282
24672
37098
29072
73445
62616
460
57431
12021
55297
84362
99885
19249
82879
23635
52555
63519
86095
56182
64106
14389
6838
11443
10215
41425
46633
71407
38038
46801
49010
12213
85114
81023
58882
83287
92086
17996
33849
75445
24107
58068
49774
71006
77853
7113
27248
9899
88940
31375
60068
95403
97313
56164
2963
70736
44204
57918
18510
21931
41268
75948
81094
66792
18552
57748
80108
52282
39565
44404
44502
45332
89751
7560
88524
45003
33901
40432
50253
95499
24980
62859
47809
39958
37477
5578
22714
93338
41221
55248
4510
85189
18490
72660
6974
81151
37077
5514
32550
14320
1241
95806
61237
5171
6034
9814
61075
84119
18693
97095
85304
10074
38654
90766
94208
30650
55791
40493
66935
79578
69787
24601
79082
42343
24389
67011
28932
85813
89957
5288
42374
64802
10453
63966
40256
97291
6952
5061
19852
31437
10895
74784
59514
58504
98061
48365
63869
451
40525
63631
29707
913
3221
52914
86392
64236
77231
9259
32358
85922
47624
79272
63474
22472
22169
94804
91559
53300
38479
79501
95338
67292
7829
35125
21135
84285
742
86274
25789
98322
84698
86186
21689
81463
80405
30246
64919
59495
86325
65918
47120
17155
17263
19807
67277
1125
15462
52884
49678
21972
69049
53894
4708
55086
11792
34658
20617
32842
72091
11670
58601
37718
42052
24288
95073
94253
97092
83357
24055
2615
42790
60072
76653
28871
1580
56853
66201
81364
13871
13851
76263
62848
59192
56611
20858
67474
69368
3268
56547
1807
60731
11296
23235
26778
99930
7818
45566
83882
64508
42116
9873
36457
31565
60859
97587
59573
11498
14111
83479
48937
51357
68940
20974
40294
69302
58155
15605
27994
59027
2607
31625
79278
54167
47653
44932
1976
71398
8993
72843
95023
5372
97336
85329
49553
2681
42027
86787
83033
26434
55434
56478
19446
32028
31223
55231
80874
44883
35794
90611
56628
81864
91384
62404
7138
5234
75831
90080
59271
59420
84715
52349
25665
94651
78159
46604
72564
90990
72941
27876
15996
28917
96890
11575
66170
79124
89583
26647
90838
17837
56677
97047
23309
59475
29231
84339
3892
83340
72547
66682
19018
76146
44146
80380
89208
52266
73256
25100
2975
69523
85042
40708
71246
30356
28448
70427
77408
53444
4935
97854
26648
34475
60703
7926
5407
66243
60064
52559
66596
7024
22206
90879
39941
4471
87981
26828
16807
74638
17953
99856
72157
2240
14614
42598
74700
95771
63492
99414
46508
84608
15322
45850
84022
96051
61756
36901
24005
38937
99502
38923
69916
39939
87247
81716
54128
11322
19493
35526
45972
88060
78431
53955
56062
5857
78899
59856
69487
25856
30871
56431
53924
71093
30702
76618
37801
54226
9063
44877
3904
407
38569
82880
47830
36353
40738
11650
87554
56030
64822
35533
335
31442
76485
77437
17008
43420
29071
24189
10727
49972
26671
85166
25863
28792
76857
57640
80745
98957
5736
67869
69269
67921
2672
38155
96230
24310
6043
55806
10241
66955
25555
36590
28937
75008
4892
93821
35130
78492
12428
84347
48157
4114
58408
88666
31014
94795
84522
9759
465
79181
16475
61172
58492
27964
14570
30190
19019
66821
20438
64108
53895
68011
95741
64079
35554
14183
28807
99896
8986
71926
44673
78084
74080
99321
3119
24301
81101
74770
18109
74471
52926
98607
27274
90823
92003
98688
13857
54007
66472
478
96493
73661
79035
70795
96265
56191
43111
10132
76501
59710
32636
32241
96042
1611
46678
75982
49794
42309
90510
2958
30437
20800
42338
49263
3513
47094
2115
45318
10696
78799
51295
17146
5382
68300
53870
26766
65978
40903
57236
21072
86603
67204
84206
93080
89969
70787
6840
87887
30373
21114
87105
65838
33542
85144
58307
64050
31507
21905
94789
65370
6081
5226
73834
39375
47799
77463
22527
85826
35720
55727
18254
87406
22806
27121
39132
36242
97955
59678
99935
96543
48204
13872
2874
63366
96167
73570
28278
98379
28190
77876
91867
57137
25808
7910
78268
73215
27614
9042
79361
66844
93800
96740
81001
1519
56325
16218
9859
76305
95717
85253
58884
59832
43060
68235
32554
95780
48706
10536
16220
68727
1100
76268
51410
80740
26374
3784
71515
60905
86433
5680
54193
84020
29533
66572
39429
64012
75358
31191
11456
90047
67513
72311
82646
4422
30438
52688
7070
40160
79911
95989
80207
71348
92747
28468
92522
52457
18579
67826
28359
42125
89446
4295
19960
2269
54452
56253
47961
90896
31666
71363
36609
63318
87246
22806
11093
1785
28032
66649
84365
20594
86572
46940
60454
17029
32572
56064
16468
13406
56647
71401
30048
45383
16009
62143
84643
6950
42744
86424
19492
45410
29412
4999
30063
41366
2356
50703
93541
30617
88309
39911
76686
39648
72923
4367
89807
53811
11940
90409
25463
26080
16904
200
61253
29148
9487
17013
75394
56938
14663
36312
35212
25096
72703
11443
76752
641
54962
41752
79534
97164
98812
23516
43924
24230
48289
21916
52012
49033
29587
6198
49880
23095
62576
22611
66233
62470
1798
46136
56248
3896
54034
33163
45191
29858
95213
95909
48718
89767
95531
57574
85617
78601
16244
36145
38770
94464
76065
79552
92419
40323
25665
66517
60208
83718
35979
32935
58093
95499
68946
70919
51584
72639
40577
53576
90695
36544
31412
92197
735
14535
59901
64755
40756
84914
65231
68684
89244
43733
53924
36006
36202
69483
38206
38221
82897
63321
45145
34676
76432
2064
8761
81026
32496
7301
42645
86649
873
54381
35468
12621
18591
71094
29633
73442
91515
17317
7428
25954
77170
38288
25692
77534
31634
4211
33686
70855
37811
64390
26808
11199
90691
58488
55390
44953
26941
19429
20934
96783
47580
54613
51898
43587
7524
29143
86386
74118
44669
91177
27923
82071
99497
55335
78644
95015
4944
75891
63554
95650
91123
25697
80877
3961
7119
34944
68937
14250
73083
28352
56836
89361
97137
43026
57687
63741
89766
30631
75767
65949
81460
95861
3620
63990
63159
35057
55702
12628
65360
38920
31171
57362
72760
35145
81577
83633
88023
78054
52271
78845
61206
3560
31798
72372
63192
85246
72530
87431
32986
3
5661
17998
96840
50506
94452
8748
32667
36432
91270
14220
7213
97060
18779
16881
7001
53380
69429
35402
37570
64576
18552
13321
56820
52683
8105
12452
14041
10979
44015
40450
49496
12319
5106
94989
28425
43898
84383
30753
87401
26026
5291
42664
45995
1369
64251
28204
94731
61496
72577
314
74180
84093
89797
90573
15227
94074
7154
10239
43924
12727
29762
50834
72780
34107
13542
74661
68098
96086
95538
18949
55477
24187
11506
45220
66855
66421
72304
28840
74840
61546
13319
46228
98998
35320
9108
83223
90374
3488
63618
99922
98957
71700
72552
46130
11848
12877
38707
63578
11542
585
7340
25405
80752
64536
5862
27855
96566
17056
46729
75104
15225
48492
24350
31132
1541
73367
44236
30938
19152
81759
40407
31089
27909
30931
71175
45210
55492
31265
63148
92022
37484
8844
21544
90295
75527
90576
71609
13219
63070
55260
27599
92428
27771
73729
13732
72770
47210
37375
96078
74124
10885
69866
86789
51852
25187
86524
19805
72081
85117
22007
80982
96280
57479
87648
76682
38570
6718
10572
65186
17601
10139
15384
43981
24458
72959
29882
90287
15134
30623
4454
82290
25508
18341
78141
11888
6356
77958
519
157
82476
26813
90509
55309
35192
74529
19316
69663
78924
25446
89832
4349
90098
89512
98997
13061
93260
11169
60300
26495
99610
60408
92332
49220
78246
36655
10715
4698
10578
78815
57124
80552
79062
80454
61436
26234
50691
82730
56911
99220
35724
56573
23557
83967
65474
95939
31134
39881
60863
86661
56304
60774
57924
91086
74
92034
91515
10191
54423
56674
11563
67516
76852
17532
86631
66703
63895
54130
22320
83964
56792
62671
70833
66712
43872
31591
15817
6854
70194
65561
6589
49136
53253
4420
67353
23208
18583
38187
92044
62816
96158
43641
88266
64265
15959
94439
77383
73058
57079
49129
34924
25436
37040
46203
98056
45254
45021
81640
3002
32361
13393
85812
73936
75563
4689
32947
88312
92027
30290
91591
98445
54505
10717
45777
36815
68683
45140
48816
33051
14238
11507
26659
45322
83514
28877
34444
29970
10151
1406
81078
19701
78837
9747
44220
2807
12206
44705
3317
35807
72885
24406
77571
66528
53975
43269
77350
66908
94438
75918
40038
47797
31774
55107
3437
26111
77388
63039
93490
8078
79922
5615
18931
78915
96654
82283
84314
47606
94156
41319
89638
88634
86378
79371
7733
59280
83485
93077
10859
32843
330
42601
39830
53433
21428
51842
61249
67593
71153
80989
66255
80265
303
9677
72503
86437
60769
6848
57269
67490
43687
6056
13454
27024
42657
42690
3587
63025
7442
72956
43417
64281
39823
78928
14973
88398
46870
17469
47522
89773
7528
99886
94237
24843
44435
86053
54603
96003
97846
99036
48024
22825
5246
7450
89719
68497
40425
69694
96441
17143
92214
14904
14573
12108
28550
20917
55964
40453
6571
72840
20559
17725
87698
55025
45135
37250
38572
28265
77057
17260
13044
34382
54827
81080
31653
52376
12340
53370
15728
32608
96494
26314
78439
62073
92585
90697
62369
79062
33518
51752
31067
99193
75934
49897
92212
90813
34028
42318
90358
67583
57367
68640
41341
57869
82678
94880
36796
6516
35852
4173
52369
80673
60694
95253
88555
34018
36651
70875
37316
69951
6377
46644
79135
87602
27422
33220
98515
37915
17331
12672
28107
85463
9221
41703
52073
5702
98233
94101
85595
29547
97240
80473
59021
76573
22019
91370
15336
19874
12989
46717
38102
95643
11907
98151
91398
37056
44089
91016
75804
61670
63106
80507
98625
55619
28949
88201
79505
69320
62692
54681
85177
46479
75104
68560
22153
11793
3072
15312
49373
12876
81925
36118
30386
269
88209
76132
10312
27144
21211
25751
17204
62100
67285
89319
26687
46010
75321
8976
50662
5365
42126
18438
58838
94963
76358
42847
29292
67494
78937
7583
77503
95046
38113
48022
11707
11631
18913
1079
65215
43688
803
82703
6644
42282
54729
39132
57809
14484
92283
56577
57370
79588
73824
58097
19740
51373
93368
97599
79865
57349
12837
77872
82386
1227
89428
18068
34105
10680
63979
58657
66654
68884
2607
15014
78465
44440
29773
21348
94746
36711
71968
14856
83159
70651
55995
46329
25920
36834
36257
21723
17784
79245
60520
20493
71996
97819
23978
71512
15594
12313
77666
354
71538
31885
522
76572
3870
66391
58757
34782
60758
2949
187
69250
44711
41827
533
61615
24522
64454
56144
14237
62087
49079
65827
62484
20963
29501
23288
19956
50730
64118
62478
91973
2902
64175
69668
96934
94766
91853
75813
43474
55090
76194
41223
92891
64425
24711
97137
90263
36976
20502
75048
27772
36829
1785
74196
24939
22688
81876
58537
24961
86802
6866
94898
83574
47839
7966
58906
35685
67321
90554
33072
77982
7931
25125
23021
40812
34518
52588
65766
61466
91242
15021
64321
38733
16368
82360
28879
71878
72564
22395
8144
31101
56614
18812
17847
9781
27650
75116
92978
67774
45031
58841
73825
73940
7891
54944
53595
12633
89594
23799
90693
36151
53489
26282
88368
38730
33466
62541
9200
38514
49289
39137
51730
54227
84497
32376
58381
87502
75292
6422
74501
56959
16385
4617
59890
43009
79222
14865
6351
12908
41987
42691
74961
11591
12710
27157
53168
18536
83930
43513
83536
38379
54584
41697
58512
66185
50057
94506
62232
12595
62169
52057
98906
8079
14228
91321
87460
2983
18601
59985
14776
96303
74681
4415
9206
49319
34756
97551
37234
42454
98186
71226
15311
91932
47734
83136
94426
4963
10143
85273
49060
65199
71216
43081
99316
24667
39953
80339
95169
9331
47335
15681
83821
2908
48953
17043
98110
37587
35684
10261
32764
28011
16651
49295
51815
62429
668
50519
55677
25531
63472
9151
78533
79642
20488
11305
15237
55090
8174
23833
44298
50426
37156
11666
19194
25638
8721
91468
11519
33342
14426
83415
68169
822
13208
86789
87397
72223
42266
31011
27323
8460
70629
90857
44403
2452
59790
18706
72264
35292
84062
6026
74808
40107
36386
20078
82603
61017
64782
47840
33088
14045
61494
89280
88713
11534
79554
82025
40874
81312
87446
96273
22932
61733
18382
28305
33784
12852
16697
42466
55361
27418
65928
7409
47532
58501
70893
88209
52391
62237
32097
27369
4567
73076
79029
20684
61597
89196
88128
88776
55422
43337
95565
59363
84690
56692
72244
18405
4917
24982
33631
34607
84419
42532
97833
43402
25464
52938
69780
11158
3723
6859
11652
85952
33871
92051
20642
72713
68324
74771
21520
74186
64095
71122
62145
88406
33485
87480
64186
78040
78151
3185
3477
8725
96223
18863
19742
58593
24325
1804
95929
80903
18577
93256
76885
64586
59186
95647
38048
59374
61679
25151
47750
36009
10192
44906
26462
20839
21124
41458
87662
39050
92854
72887
34453
21033
87838
30773
45867
60642
57695
6798
30650
92959
85013
56787
75558
27737
10808
86015
6166
39029
93583
6304
95641
80968
93859
70272
84404
15038
14228
53487
52593
7165
29519
70347
32646
61653
10740
45534
46808
36293
19594
42460
30061
49822
72552
45200
29756
13154
8447
93159
48521
36988
79602
54728
81413
12872
31226
72592
3721
61385
64357
51024
62325
78342
47034
80541
85363
61617
70705
43939
74750
21235
91328
93141
20013
92032
70685
66708
56819
52719
68318
13600
89237
69698
9148
70216
47946
22057
96724
70127
95592
19444
63222
78880
2080
12401
38182
66010
81555
5100
81193
79970
65422
69944
86043
49916
306
63595
28010
34847
76218
2157
66602
15624
93362
11742
84497
18186
53489
5700
73536
91724
59131
19884
20923
98188
98682
10442
80822
2351
19808
91887
32399
50013
20094
52199
42984
44453
34316
74049
15267
34108
77079
80063
57930
79148
7430
97398
57123
1010
25040
79610
20811
82866
18487
64299
31479
32160
55325
12503
82964
54307
86105
96079
62328
61533
85459
83320
31089
40062
98888
87062
74324
94451
5093
28417
74670
43144
21504
12138
79428
57062
3159
97106
91385
44802
53629
43383
50466
93991
55276
2340
51885
48666
67688
78492
62035
4903
76467
93912
71506
79787
67612
27342
95502
91348
52275
44620
8326
58163
54486
86828
56238
40431
85680
6550
95496
12679
3226
99547
6895
45710
83931
58217
936
24423
7769
86183
7577
9130
18397
90746
7814
94964
73036
36812
16797
47624
45012
56408
78478
74331
7845
99073
48298
97954
44191
22955
85607
21360
8378
28488
79951
23108
14249
9118
86051
573
91423
8599
33601
32271
86994
19732
53009
40531
81936
71558
16357
24137
79385
3820
66138
3900
31243
93586
89555
36958
75639
33967
66159
76878
4544
87409
37780
15645
90580
94596
95835
67201
12697
20208
46147
69859
44806
18725
36773
9385
98718
64008
92083
11911
91566
74149
94994
20155
47692
20549
69719
34819
70076
28253
84423
98649
33256
25288
25290
96277
59806
52988
59882
65852
69954
14347
73514
21067
24281
68896
27726
69569
38498
83555
26011
11964
10639
32000
25323
84731
18555
56218
67857
98134
51145
85799
32467
93229
70764
68150
68291
44766
26714
46958
61076
14996
48631
69942
4536
48573
93691
36083
21476
33226
65639
60089
55682
21373
43940
63741
90029
23959
53015
73670
30564
31218
73177
2957
26807
36847
86290
43892
37445
98364
804
18272
69414
60975
96386
48535
2508
29561
70603
35636
96161
56067
2367
1447
15620
85097
38568
81556
78411
665
99276
74905
25235
19345
74678
31223
27709
15815
94538
66237
30787
9110
69248
93035
77312
93902
51927
89588
36349
30902
4549
35344
12465
87992
60393
68437
4317
88683
59689
79642
46102
2237
7387
35983
90748
55022
71370
71467
22135
57979
52189
92464
95004
78909
48538
79605
37642
62799
44704
59467
45767
32225
99626
8497
90300
40825
51482
22883
8933
53825
57687
75254
82979
7785
64041
17381
94333
1740
39020
97028
62105
18874
64471
6426
11609
94051
48357
45791
27645
50750
1094
44167
50109
7010
61147
85224
98518
77551
73723
92736
85004
78638
49030
39581
19351
2833
93865
68727
8377
33334
43887
70211
3726
71669
4179
15640
75660
54041
70960
42925
65900
61067
48979
93436
58070
72235
89073
31265
37117
13106
48054
38795
35248
89556
88642
6043
35535
55719
92967
99495
87540
64885
94377
46802
21877
63800
62757
6509
20261
94316
84573
34955
6637
9050
90146
59008
53332
30177
10645
57854
44399
13258
47985
36776
99480
83667
16424
70161
34567
1581
74154
39638
76704
4921
59259
40543
41445
67646
43610
63930
58060
30548
6010
24039
41998
46993
58188
72304
32462
27445
16713
59092
65062
32420
94666
69450
43532
79407
84202
54534
79444
48647
47580
16659
28626
99653
87663
52660
79367
88283
18881
72886
33754
19761
13390
1469
44710
6412
24909
14235
49475
91861
5023
67335
42662
83689
89870
14300
26466
11272
31163
20347
90186
6943
42632
553
62497
44466
80086
43348
95532
94293
66594
82311
61512
72270
4742
2116
29691
55756
19127
47094
87643
77686
64149
35654
59802
5252
73110
82412
85480
10813
69212
71580
7894
45800
79734
65691
16514
33432
34612
15505
12831
2982
85100
53440
85894
66978
75505
75097
11060
20966
54022
64169
9887
11675
72203
37677
68853
88086
53189
30336
14908
72598
3481
33676
91590
28239
27497
66378
79201
7371
92818
18594
89889
3281
56784
65397
35184
75710
45401
85163
70885
94633
2741
25518
33357
65925
86511
87482
65016
9772
92034
94661
88404
37704
4950
82839
60069
59445
93697
34304
18224
6688
88407
35894
61345
59412
98780
79514
85399
87579
59586
81161
82053
26101
97478
21383
17472
9173
92137
55998
51302
76383
30566
38923
39395
3387
90030
83313
45359
42885
75338
35300
49594
57461
49262
86293
57877
2935
55068
6159
87431
57456
80968
44339
67963
34266
73171
3818
34426
36331
67684
92709
80765
63584
11649
93177
73370
17652
94349
64953
3273
36745
5083
95465
38388
29056
93771
80103
79171
42728
5540
52813
45805
83633
27579
833
76850
70512
65403
94286
9248
9621
14646
65351
41858
68381
10518
99826
27557
47507
26807
91262
12074
49933
78898
55864
10152
2142
931
501
7148
7405
97648
59865
35851
38446
13098
27506
80441
88890
6474
43694
47960
82493
60307
68091
16565
37080
82322
34679
46565
74411
30151
79883
95308
2835
53064
45703
54784
4635
30320
64878
85854
63874
58922
27082
40424
23172
27390
29009
3948
35605
52951
40869
73744
79787
37662
57116
8116
86647
67091
42753
32148
66007
52298
8729
38294
33295
19344
56329
76240
74798
29461
60415
38048
89963
90278
86258
75018
38081
26521
86261
77203
35168
19138
16159
16622
11133
66596
96672
4509
22877
41734
97314
91211
65178
81440
56630
55278
86709
79182
67381
55160
7859
95512
88284
15855
22019
76044
25165
21467
51129
95220
17291
59215
14418
5571
66677
21008
10562
83035
85445
76118
80108
41897
91471
56018
46865
24224
44344
75869
56326
75475
6013
93747
45074
82457
3758
56988
34824
60885
70871
54967
15429
41969
40327
54285
1998
70111
61336
40960
14181
86519
42767
20710
78318
12315
25917
2688
62172
75279
91113
76837
68071
57522
89019
74978
55045
44815
49756
51575
66080
25535
79614
6904
59691
59709
28279
68595
25131
48184
55926
91811
33120
72874
29060
59738
69426
56731
64363
89596
21558
89513
9850
40614
2460
65700
78433
3085
10144
40339
41950
5021
61065
73508
71135
69843
69453
42466
93840
64173
46360
94018
64322
60495
444
7596
81510
22858
72820
44657
27522
69835
25103
22770
93132
81433
9711
17844
17277
54999
3051
75999
34473
26057
38180
75012
47403
47099
1130
86726
69365
99766
10434
58936
94954
17476
87373
67840
19855
79653
5550
8726
38829
66318
55821
69580
51466
51193
39930
84051
78809
32612
18775
52229
93827
7760
3782
11732
54123
18002
36384
34624
3747
44403
46763
54012
84607
85190
52460
52081
7159
27682
9962
30632
44080
87484
46576
55964
47759
82770
61222
44475
4038
41524
3813
81045
6399
18342
81036
5173
47375
18720
5893
48035
8174
99338
27824
54235
61684
55527
11274
12707
95768
40660
42316
34767
87571
17264
65880
25984
4301
89441
60475
62276
28464
57879
82967
3444
66940
67315
606
56162
42238
94921
93590
82828
4074
61273
40609
54978
75440
73349
72058
76788
77411
18651
78898
30437
62421
43347
35714
55007
66892
16702
72882
31232
72561
63517
90737
92645
17996
93964
86095
35502
33248
3004
82194
98653
95372
82453
5112
38032
53688
63243
4060
31376
48610
45726
43733
98643
79081
26824
16212
22354
42541
53659
68418
32312
56193
65897
22921
85788
3009
62782
28554
66411
34736
94206
62160
78078
78164
74592
37080
57961
35863
61960
80865
46087
1118
79963
86488
92884
89497
46624
91074
54580
61904
5156
37838
2345
54920
95894
8837
55093
45647
5424
97785
47565
4827
46913
49807
6443
57331
45825
483
7351
31657
21391
55270
21110
97289
59166
36576
50657
35550
48501
2900
86882
39312
22188
84892
33826
48997
61702
2970
27059
37120
99492
61623
98201
83600
63339
68506
70471
74979
65852
33687
53551
67558
36469
94752
88001
22883
67384
26938
35511
64875
40581
4326
47523
9410
8198
52605
56913
3951
57980
1732
8105
91249
60849
5084
88444
58335
16777
83499
83580
37424
19708
49193
70668
34091
98175
14495
19886
44817
35698
69769
44767
57941
24957
30272
83687
23814
54452
11306
16717
78609
92775
59728
63520
31437
40541
52443
12081
90850
18477
21404
95005
89293
5931
61560
93175
29061
58001
8636
25395
58042
69060
68264
62587
52528
49368
99964
74429
38478
64758
87479
47024
93149
75313
4722
32757
85859
27409
1534
87375
54757
68361
71927
29550
21284
41687
35570
28157
1062
13484
1969
70798
30279
1286
51030
31675
74401
24162
24334
23482
98285
15666
76996
29122
52792
5773
12971
55295
35487
47339
79174
52556
23056
40594
86077
48161
69453
92378
58474
77630
44806
43906
2129
68747
4435
97121
22420
73813
58758
26191
23246
20418
59463
30260
18987
1209
59846
1212
32547
6562
10600
2598
6518
91386
28092
46908
3721
60336
12408
46879
44878
59367
81114
66851
88217
66527
11473
67779
5653
84822
67972
1378
78048
79658
45684
29965
14757
52142
33176
60974
62892
97686
94824
19176
90866
86309
19950
11986
13724
48630
73781
77036
70493
71998
14297
70749
88580
61152
50215
83433
90092
75506
75499
15590
20147
42390
69238
89209
3094
25795
64678
26536
78840
19266
43433
96095
37618
47284
25703
7949
54721
72378
39498
22430
73358
5575
61959
30865
48035
87321
23577
40766
26315
67037
81843
48141
31870
18223
78438
99041
89316
84813
11123
7057
21423
82232
68782
48183
23258
81536
36306
57459
97757
57402
1256
73133
58750
35893
28774
53865
5418
13810
11194
27981
99134
10837
10874
22463
68913
34739
11651
61658
15960
4883
98141
63879
11382
35932
72528
53606
19386
65088
94122
9139
46032
70179
37826
25981
18424
98485
65380
3108
31307
76224
37457
97472
59098
33888
28495
17682
84396
36843
32093
24655
80582
71643
75416
17828
37487
13938
91845
3113
71013
13458
3529
93516
12682
80191
50840
80942
85561
84076
25837
85395
38718
68450
54016
64161
31342
90497
55927
42591
73737
96045
68699
37926
35402
93485
75046
8596
80444
23628
88948
37484
15873
93006
15748
3658
90007
60666
34107
66607
4442
17846
46498
82206
31949
55443
79179
16313
31177
58544
31919
26010
99661
69636
26775
10620
49590
49102
82919
24308
68779
97741
82734
721
6542
73441
49472
79806
6103
33529
71365
76717
72192
35508
6137
11344
96071
97522
52322
60347
22996
5669
81347
6291
35960
59104
44712
97535
79628
86856
76655
89491
62633
78337
57568
14328
50362
46039
7588
15459
98905
46527
26815
75093
53731
81440
77299
96123
94455
84097
890
25815
79507
18591
77823
7171
37988
52942
40709
64530
48600
91151
42699
27156
63289
80499
77295
19706
89817
84814
31322
77746
43653
42682
92817
35297
38543
52775
68855
57198
41867
26311
14585
58900
62806
61189
12355
32556
25965
89983
15683
93030
92659
26152
46473
111
31293
38164
20642
18886
76547
42182
26139
40402
23743
41168
36198
86174
95431
27005
85718
88334
7839
89016
42092
39816
31184
39197
24260
87650
30510
62959
12620
50335
40228
17445
48512
57072
82295
1233
14233
59139
39006
27893
39720
52701
81977
20314
91752
70238
59850
29619
92392
58217
18822
69135
59122
58328
41033
49274
43252
78337
4745
96008
11776
76789
69854
90005
86626
20041
93988
23027
93278
19064
72287
24366
3993
6265
80975
47468
37852
24313
33371
15528
56287
59213
40114
88743
13988
33366
35733
3284
55163
88360
38226
94352
11148
11942
59113
57955
53176
80891
49935
69145
41729
36757
64142
26303
4794
65701
28250
86856
1986
69197
16944
91080
4630
29528
34112
36498
65411
56879
48095
43975
91895
13750
72049
58043
90211
98860
47924
54962
60141
96021
87000
1215
13371
70284
46632
8911
5253
54373
7110
95847
7075
15738
68974
54459
6569
84116
73776
29167
40603
43536
86610
7663
40687
72407
88965
39075
8233
25808
86278
55936
20901
97310
77732
25266
98439
43008
71628
73446
11307
57561
99521
61780
77332
26252
63361
29434
74028
40374
52622
43868
30059
50482
77077
42473
93019
16232
32196
54150
48195
71233
31547
30678
51756
13388
99988
33890
15395
27479
58122
17417
73801
50335
9973
80382
99472
76520
60637
52333
6828
56502
5582
43774
14713
65988
28510
43062
80230
64608
73084
10465
54119
97522
75397
14331
33775
27084
35687
69008
56434
43626
69585
41774
1667
77504
78170
10261
76608
8444
61064
91026
14141
63317
72171
75821
69657
47682
71384
41717
4951
62618
39924
65690
33927
73693
40832
45147
79228
65661
28375
19253
63831
96378
87246
20622
76926
28682
12682
47715
9503
95216
59702
3562
82526
29280
82356
98668
86192
35637
60670
1010
13586
79194
10857
83059
22654
3908
18457
95299
99964
86228
55188
29003
89591
71011
57454
23028
2502
95080
8323
73875
39993
64440
40033
85642
31028
97077
51414
9916
15959
58632
61886
68846
5584
19822
61237
27396
39150
96205
50399
27550
59048
6876
93873
74284
52708
65203
1282
35664
85816
33971
41774
99196
35781
83913
4163
7474
91959
92421
63459
15792
59501
61653
67277
2003
76958
16612
51535
56518
42129
85427
23899
54631
68740
34246
10288
67070
40193
18026
33421
48869
79445
39372
58055
77352
25534
2556
47938
2707
63863
83478
6171
72186
34550
55194
58916
90211
86932
78369
2840
40795
80456
23576
50519
2620
85505
1450
19013
36956
42220
8631
66027
93980
84547
18257
23958
77759
60478
43343
98281
69479
30689
59342
68321
47155
91551
91515
55959
57431
59171
55543
12540
20199
13674
26621
15168
90871
7672
46597
29145
53911
39741
35402
2341
2768
89831
13776
29250
87153
53577
65754
61110
56915
98207
77175
98939
68916
54477
25393
94894
63444
81144
34697
24846
26584
6870
96943
29463
11075
12323
89153
83523
40207
98721
78302
66468
75339
4047
34459
77145
66417
66591
49819
53976
72544
52836
67701
40535
84938
92575
55565
45668
8394
93390
92639
42017
21185
7025
94111
91673
78032
49426
78596
17513
26938
61472
33540
23806
48371
17840
7146
3737
48790
40378
12629
16505
58422
26185
34407
46039
95547
19384
58626
9421
71397
85745
88908
93012
32914
51045
73881
99518
56710
3238
22901
35335
65105
71997
90629
51947
72565
81734
34992
38384
78585
54261
9803
30526
99084
51752
57033
88223
31949
51458
79078
75281
52835
89813
63233
94313
53042
64522
78609
60104
37942
13901
47139
59425
29354
58105
50038
82324
6764
6116
73964
75625
99199
19501
37446
7835
44476
32611
43300
28052
20443
94211
3525
61734
33541
27070
2512
89294
1464
90151
84362
9956
73727
72902
78774
73254
38944
46760
51175
33399
16434
17688
43012
56372
44660
42567
41151
72468
52669
61533
15602
25306
78372
42391
39159
31168
5576
19953
33881
16344
27136
59090
34023
3828
58290
95993
42727
22139
84587
38418
51495
21095
45461
50800
27792
93259
53119
95783
99153
17194
44906
59555
33333
83851
63883
74211
86698
17260
85810
5893
36780
94874
84448
66847
38774
61945
21292
20566
29884
13493
65963
41313
50741
52888
63325
98766
44785
24402
51326
44960
69375
9999
1920
53542
76675
77733
55197
60739
21443
47862
64780
9700
56034
31921
26463
84152
83113
19923
81478
71213
59407
32048
63081
10718
95335
75427
27863
28480
60329
98292
74897
14764
79396
23675
13707
76597
25948
16934
79981
99817
72332
23135
37578
79199
81538
57393
59939
38473
41390
53893
37784
41010
40705
82120
67262
58893
16808
28683
89799
99520
95421
49355
84736
39365
57837
76292
92247
49373
47216
66816
2076
61154
91206
78385
61061
91805
16120
73145
64085
61276
24320
90138
44777
83880
83373
84731
90411
35720
39284
46963
84937
2370
64234
12603
88133
90467
90407
33564
64383
7742
81379
60898
22369
70141
85072
24247
38535
40629
40394
47993
35980
30667
25380
68418
10436
30201
11016
49021
13087
96659
22123
22784
43619
37213
17308
13038
68857
26316
85582
6412
94089
93495
13287
99500
96528
96218
9589
91126
66783
13983
27270
85572
80324
83421
79084
94372
17632
56279
5750
46028
56248
41584
46676
38535
16892
54917
95443
40341
32182
9785
22692
27674
64260
43657
70160
53308
12618
75748
55665
90867
14530
69611
85554
48107
61550
61283
19769
96442
11062
45685
47936
87006
11507
52522
48597
70332
82236
34419
44912
24632
35747
33855
19138
63342
50197
71977
77628
62034
94621
78284
3700
14422
73756
5810
83822
19749
65991
43057
42382
12074
98694
59177
56257
64757
65589
11738
90931
50409
45037
1763
57100
60656
96349
25066
77988
60061
53989
77270
18661
96481
31607
33898
41807
71716
88813
54007
7376
2485
7929
941
8078
34706
30044
26976
34670
12834
31940
76181
23322
83307
3056
65856
93018
96943
67937
52164
5302
95767
66834
81622
63434
12633
31300
24880
13757
58069
93326
68825
13960
96900
58671
23400
3248
30149
51018
22498
25055
41139
47826
22891
78404
98554
63392
68172
701
94380
80912
38735
24225
28974
5639
49780
63353
66562
38160
33020
6171
60870
45717
80385
86079
64439
7689
46070
82888
91076
35836
42342
89797
99782
26934
56866
40719
93640
68413
8837
34025
3237
3544
43579
18104
30176
93412
98801
10320
18091
69070
51776
30103
36465
63226
55649
77750
36304
47793
87466
97805
79400
81774
28574
96770
73611
55711
74803
93528
72944
40813
42116
32667
37413
24924
67354
83498
51904
97355
88194
1057
83562
87952
47704
73781
85646
51953
7156
28032
80729
55317
93869
2772
3925
50492
59354
79845
81288
52858
77549
47579
62838
5239
36225
72824
87018
58406
68869
73951
93276
14885
37321
56101
29288
16677
49679
97906
92881
28370
46907
62252
21889
39265
9298
97149
20450
99548
38855
75351
80701
45711
42353
13729
27530
77203
3565
85927
80699
49652
44781
21602
91959
46602
39229
42648
12406
47177
94108
18292
33160
54760
25850
22459
24712
57218
75667
99401
99294
93067
88830
55546
99238
70363
41939
15173
87020
91690
44470
47438
54683
31783
60055
57158
79679
5698
54260
27369
43265
32056
67641
93891
4747
20525
67345
68329
72952
83769
40578
65344
34874
95053
71784
20402
80806
41854
9880
22183
49483
85152
45923
22808
49953
42450
58202
59378
64475
22024
83188
22023
72733
50986
38801
15463
41158
61334
94194
10968
84241
1767
88351
29428
17396
58794
78758
25316
32426
82218
22760
39585
31809
77248
93898
1760
27178
42869
57249
70008
83465
67610
52779
22363
99649
22164
57559
98795
17493
36491
91281
11363
63426
10740
40590
37684
10926
5891
44045
93621
38346
76415
498
41348
67385
96434
25954
99285
54866
54315
62746
88403
57538
15029
8618
8981
94969
30421
67722
91313
99255
54521
581
64554
74525
30334
95616
53194
18793
93744
53973
20252
77821
29929
74637
43041
61270
25730
75716
36831
52882
10880
15043
47388
70469
13489
69818
59409
93821
12523
58745
84101
89929
80906
65328
99299
56976
26810
45305
51151
72598
91847
82307
11610
46233
69497
92127
53252
887
82824
79648
55869
55423
28078
91132
46294
19288
91442
6115
87734
86086
59226
19879
78552
24890
17705
3015
20557
70336
84180
11194
46234
41569
29153
48067
40902
83630
78726
92331
5270
9576
42280
20041
13594
16119
20019
96953
53863
24680
24948
4517
81290
49281
71207
40647
52361
67628
31434
45434
22256
73349
18663
20492
78706
50767
23519
46529
18314
1815
20587
31551
1145
90177
29349
59477
44035
29103
77157
45711
94557
63658
47645
42221
89364
80996
69629
21540
62549
90384
26034
78983
80523
16859
76181
67774
75095
14824
62977
96336
77798
34819
21740
71510
91189
40518
59588
51669
8231
10107
86811
99162
84450
3333
66673
4988
82773
95384
33398
93672
90587
85872
17201
59140
11637
1833
94625
85819
35956
70049
48010
3420
53041
14245
86378
38580
14184
65111
45154
73464
81061
43527
22654
10123
26974
6065
59375
75940
10475
49663
48328
24259
72621
35271
50705
43136
14127
22125
19654
27079
42177
17832
12881
57805
8536
54418
18701
9663
6047
10506
68560
93872
53260
93847
83999
9081
35402
40073
7852
51807
50207
49918
13612
91236
41518
13669
87630
38108
58220
68890
58368
36604
2249
57053
12214
10288
21934
10302
96535
38075
6417
83325
57504
25453
36970
19419
47688
65788
29194
46725
62287
18915
14350
11496
21062
65612
60972
73475
72550
26658
87705
84196
68087
4019
67410
31463
46482
77368
24782
24610
37529
79993
83662
47285
5717
96935
46119
81198
98168
39702
58631
40645
42281
77231
69287
89824
49440
38499
72294
85187
2179
59059
3225
41107
33937
74482
19974
4140
55975
88456
85669
77753
24818
85816
66033
10683
37349
44554
4606
80709
7910
94646
1976
89108
54173
81664
62280
4178
27088
70335
78795
97521
76284
14270
88455
94036
99333
95529
23420
46409
75556
54376
1554
72650
8632
83318
10148
40184
99084
31356
39085
75736
49887
50102
76736
93519
37683
59190
40700
18518
4026
45584
35813
44416
82151
27361
61296
67392
23144
68698
33874
10647
61948
48178
77711
12103
25072
99043
68354
43677
2030
49879
44417
61024
24620
45952
55535
7437
10152
37079
55168
82395
50532
19162
48587
33663
47846
64995
22698
52770
24210
89217
32481
53767
37068
4815
12519
99024
97276
62994
35627
80677
35033
13361
46541
56023
53263
3082
60990
49273
84355
44801
95050
45087
10840
84182
63489
59665
34920
22073
27831
3229
14885
19926
34851
26358
99564
31787
98253
81880
57225
44171
26337
56675
15767
76598
84097
99426
43028
69614
11444
89567
7353
63598
40728
21848
48084
60149
69813
45682
82337
68956
3088
61433
36115
44558
78848
30379
12003
98657
43728
82021
13837
99451
35616
8973
87320
74589
83510
78149
22991
79939
69142
8173
58950
45907
82472
5402
85257
92041
57075
45563
52976
27043
38222
98794
83496
1316
27534
65523
96867
80380
91497
71666
5990
90675
47606
4205
42763
79279
1836
76078
33299
29932
478
41639
33885
90677
29667
3781
26358
14209
54094
76419
73497
57039
66528
87005
48926
34873
66120
8589
4657
69238
97358
62481
36213
49288
97256
73521
18657
14067
38554
48436
6917
84066
2601
68699
50681
94346
53455
35661
27949
59076
3802
62733
93925
61890
773
76722
45200
95461
59654
31824
48607
88901
23951
76733
75048
86949
86661
48059
55545
49651
4239
81858
38043
55031
73577
57715
93944
28858
51991
45068
762
8606
1762
32570
3610
66353
61906
65935
8450
77373
53116
84807
83124
82141
17988
11044
91509
77121
85698
4432
66116
31374
94481
90639
22920
56583
50609
57486
31415
18112
35271
51021
39256
30542
9931
76971
77703
80053
47969
32560
51277
57077
97560
77907
18882
58135
1999
20534
52336
45957
13397
75437
13805
55991
32453
79190
61497
55220
93656
29438
7280
69934
4899
69494
87615
41178
15619
84174
47934
46586
61945
74435
87904
56417
99786
9259
75393
96437
35340
80249
70813
13159
62878
23487
98990
65918
97640
78723
5934
79408
34096
22609
83057
39679
26268
43331
12486
31331
11663
66216
71708
51070
7422
31853
88126
81757
77505
12631
79321
33453
51293
27168
29173
99438
7514
81627
34118
41197
8858
550
75545
40695
12294
84018
22148
54134
56022
97363
27448
94972
50913
14554
71837
92706
35855
83975
76124
70048
75348
34807
66016
67686
88020
67215
37212
30184
75105
31736
55765
16187
7943
85874
90182
97731
33103
21470
30231
28659
75612
15669
89103
73248
98828
11446
33930
23922
22496
74374
13264
72862
70336
93763
34098
63355
10506
41056
50034
7100
67680
93179
65537
57422
77066
61071
21339
57297
76858
2907
30533
88738
74840
67072
23462
35667
82631
7621
92197
29391
67096
63864
78104
79123
54854
27833
60572
34979
16156
89412
79808
60124
73632
16405
32866
70466
81208
83828
70189
99857
59585
68315
76191
60278
35084
70598
191
13879
50207
77641
6696
10949
56126
81723
80047
14052
53647
98834
71992
98822
91947
3508
63823
16344
14523
73365
2434
77374
18210
24581
99174
74254
77044
5256
22021
45897
76721
79596
23398
52347
27674
55764
10290
2065
30589
48988
60272
82385
58733
39063
33193
96231
35406
71084
70319
13616
47701
91333
41453
24832
14087
57788
55261
35085
44832
63151
7594
71421
40138
91600
93685
60548
48743
75340
89295
21159
34202
11883
92830
96886
10542
86394
59193
29908
84772
68166
21769
20943
49084
8910
79114
14909
73476
32803
30703
4902
84720
84450
46326
99996
19618
79382
84859
49988
78325
36216
96428
53956
8364
50791
25593
60240
1111
51708
92043
47238
13408
82629
56290
16036
97455
44606
34594
73718
34466
73731
96407
7929
39777
14603
61851
43469
94018
98167
89194
50434
96349
31697
99324
68218
59431
51097
37894
88328
76558
60541
75028
35084
17991
41521
39497
53061
72086
6929
5239
75445
1626
26694
23029
40372
67994
72596
74029
6240
34351
37990
99254
92342
63809
48978
39180
33630
65655
94722
88148
79410
24319
29132
76049
49697
44133
67022
45801
77079
82048
74931
53713
70685
34399
72055
80630
61584
56489
91501
14985
46191
17723
22271
73741
8418
56637
32947
20441
24295
21985
10647
6754
94193
47964
66814
89925
20398
44664
43378
47568
78691
78188
97271
48805
10541
15450
73334
1186
56697
688
10897
16279
30461
53319
31870
92698
10564
96139
47157
80508
93787
85172
64158
86126
46891
30063
49284
28666
41861
62496
58034
85159
10070
36385
44784
80031
66029
94142
9625
54229
81786
80616
95054
74787
7102
82204
2944
46477
13091
4020
71444
84595
83531
18496
74558
26456
56664
37743
62464
20859
28677
9530
62696
30810
5132
97409
59754
57188
96991
18049
17590
30711
29030
54574
69979
34051
70453
54769
50911
89733
24341
21064
45600
85282
37754
98570
45154
19197
66885
91793
85132
10053
25753
69433
56914
13014
87490
43713
59145
51454
10735
71671
48498
44715
8865
57078
36562
22283
65892
18153
65788
60304
51933
36118
97523
56852
35841
49458
42201
69714
43229
8590
8797
34270
97274
90412
86142
87097
28149
39225
5297
35197
48779
50104
35044
6163
2637
4633
85287
97114
6878
95670
89802
46102
1891
84268
28233
15642
20966
2814
40109
96495
37073
77601
14795
72890
4310
70026
77500
67593
55092
22620
85948
75950
78153
51187
88208
75486
42236
11837
86627
87256
64057
48178
78291
33634
71029
89270
89636
66098
21779
95620
43691
79723
50575
98294
99619
56640
21538
85109
75621
9560
20120
24678
59111
82784
87053
40319
21847
53631
99590
10566
42684
9906
93744
1939
33919
13802
45721
32056
4745
15047
53223
46683
89388
1313
36266
48150
31126
48391
56018
76347
1923
69733
20547
55797
45499
47367
29698
12032
9678
1164
37131
62036
83529
79920
65083
35706
5293
52572
68657
36844
53393
29806
31708
90177
47270
68834
47985
80662
27039
68310
4459
80207
2983
46652
8615
92678
66347
50507
30802
44594
68920
18547
32889
88822
98341
80170
48392
73266
69657
61921
42122
17924
96962
65061
22659
91790
22102
53096
30666
1942
98156
186
98817
87739
20367
75408
34032
86832
7241
70131
48243
3996
95249
38741
97090
36648
70275
55423
72120
48931
90651
39312
90538
36588
90988
85861
30197
17415
36983
93807
69076
91546
68459
87352
2182
431
66322
27707
9924
22925
34015
76067
71894
97388
93155
14328
17890
93874
92999
89003
60498
82881
84794
34992
59092
68180
7372
28948
48691
83202
21687
69820
90768
40987
54906
79407
68470
21317
19898
82078
16758
70279
38476
17069
61338
38503
63832
56893
26699
32325
77808
84385
64870
74354
2971
97156
41577
93986
20706
86367
56642
44295
5329
6590
49906
12360
96429
35377
21029
46505
91167
57962
85214
25188
59027
1442
17175
94366
36699
43096
93378
48271
70799
17172
22456
49224
78642
31414
23772
59890
70099
25064
50998
79856
98497
39968
90886
89689
13119
27052
32517
49482
97202
47989
29391
76713
11538
36901
82583
86574
82817
36642
42022
51817
34404
90966
15255
67213
13966
21986
39027
3762
73054
80463
75756
62888
43403
98847
83134
24089
90548
19829
89584
39916
38851
38788
15786
61785
73439
49398
32134
89997
29799
27657
40377
45452
9931
83657
65897
34878
93645
2669
87594
83637
42687
60743
15343
28689
53281
65820
84987
51599
78798
67073
41819
75514
86653
24071
51798
25492
80571
53291
31948
75261
68639
92338
34610
10177
51792
1162
63679
2097
7054
17630
63879
16995
92862
23599
62947
17394
27335
66267
8635
2888
40737
18615
69153
51399
25488
66072
77806
26863
80477
14191
31312
22641
17010
5860
24616
43668
39497
25789
96681
84645
9515
89793
65698
37170
61194
62601
85988
39497
26934
28214
13549
69274
75861
30361
65214
64018
13380
9540
43882
67721
51870
30550
25432
74338
53346
81533
65778
80110
68484
30724
33596
59879
84704
7225
20653
63653
29615
96365
5353
21397
97474
69906
2406
63001
22444
67457
24091
8474
47889
93559
13341
24379
14727
42006
25940
91285
79935
4390
44144
19740
54263
97759
16442
68369
50650
84653
46694
11185
6185
50838
1242
36738
59451
95372
20952
40541
47611
52787
35567
60942
31642
20529
76609
71588
55487
31843
32342
96585
48583
34437
60114
23547
24817
7332
58317
32603
90241
44224
17077
70337
19112
56466
4084
13976
12021
70251
90630
66707
58293
22787
6597
83374
10396
98752
42391
87310
53965
6397
46617
97718
11384
23016
19727
92225
36515
61709
10655
9551
8506
87264
15126
82072
76622
52233
66391
42858
54606
81910
74075
22083
43933
2702
34485
76997
75738
324
48698
71412
52361
20072
9485
85751
19939
95629
4002
96146
70280
35898
93305
37987
44171
87859
49902
79678
93577
41324
48016
93376
16037
14197
65485
207
16009
94623
64809
2322
13190
99352
15222
42889
61953
31206
4106
14150
21961
43993
66412
88974
43660
80005
49683
53946
37242
76846
611
37722
75065
73530
68414
62585
73215
67782
88001
91357
14019
44759
79868
62979
34797
88030
63189
83805
98973
10213
10346
51153
73739
37026
97553
39333
727
28605
63612
70105
84374
852
93378
16522
33757
94985
67021
5147
13876
89733
26788
36577
52998
94550
63280
76127
71038
65914
12467
10322
57452
7707
93579
29837
16951
5001
80107
25586
17632
64838
83870
97361
67019
4374
63645
94532
8367
88113
34678
25613
7580
91024
43322
84108
62072
82195
26644
47372
17317
93047
85225
63838
73364
34512
43810
13179
76342
57423
10281
29986
90515
68951
19499
5983
43366
73770
31691
45623
9350
56993
8400
31941
65666
47624
46012
87199
61661
4515
6650
40667
4954
90530
6003
84064
33257
69351
75946
60293
67732
5486
44125
70066
92085
31392
87844
89865
64064
61703
91783
59957
65958
7241
75231
4392
91146
80096
64870
51600
20959
29373
76842
11226
94824
67873
70323
61980
37100
24404
31171
35318
18987
11214
6504
5647
67883
50940
65704
63028
56288
19206
98414
17799
59675
73409
17625
63407
11607
88092
53710
73738
48269
28043
1505
89745
10071
47242
70983
8766
72446
29124
6808
6590
31781
35729
22084
43558
59765
77157
41394
13614
68424
41641
16990
57404
77889
68932
63773
50045
61740
94956
34535
24236
83226
28948
48578
32929
64973
11404
55728
21953
64654
48198
45675
49076
69987
68855
87359
81783
44287
10377
53007
57454
99000
23408
30048
98507
26804
41468
88349
89603
18002
54043
6335
89937
92037
17739
35690
95247
68345
61044
91002
59244
19785
57783
7427
30523
39294
63990
43792
91677
5273
8023
72688
21369
71495
13708
49023
70395
11314
68385
29637
88820
39116
47390
35916
70942
82445
68047
64036
63622
44803
5818
63537
76172
91040
41213
27528
7562
69334
18337
75363
87145
80997
21342
90942
69578
25058
25008
98940
51005
11593
85548
39571
64198
27416
14594
42522
54601
67497
16388
19677
77859
65022
38943
95011
13149
78025
5900
20970
20084
18294
4428
65798
80203
59056
75057
84170
53012
39865
78342
23758
91935
51573
16855
92138
82358
52896
53958
92653
43324
28697
40599
63988
80860
51098
34393
69984
35176
87007
61147
46280
57410
10157
44435
57115
57043
21248
76571
39097
55262
3853
97536
39042
19974
13713
18345
11443
51294
64331
70132
81810
76392
18468
34351
32881
30511
4352
89669
28081
29358
66434
68543
10144
62234
51233
98939
32882
2869
80183
19130
48229
96055
90336
40796
84950
14286
65881
61551
13913
45575
2440
40574
18815
5991
24591
91352
71990
16046
93204
89409
29678
71645
95692
83979
58328
22148
61670
75943
41874
86514
89333
8526
58244
71197
64209
97387
78493
9580
38804
18283
55269
81230
93034
56235
80927
87504
1071
56655
51720
46331
83714
59330
92792
35411
