5129
130
835
5027
3179
7242
5239
1876
8223
7207
1858
6340
4249
390
8722
8363
2495
9931
9650
7306
1838
1195
7657
1791
837
5961
9220
2325
625
7707
866
2375
5042
979
3582
4127
7422
1798
8793
4072
7687
4967
5189
7976
4206
7347
260
1601
5188
351
9012
7687
4438
2684
4034
2696
6529
8903
9153
6888
1526
3271
6349
8165
331
222
4433
2687
3487
2642
9275
8518
3125
2841
4980
8598
3956
5614
5424
5073
9441
8545
6357
2761
357
7608
4206
8686
4709
7286
6371
7959
5946
3669
3991
3856
2671
9602
1258
763
5947
921
4666
9548
6461
9932
154
5353
834
8064
7269
9003
5442
1671
2815
4203
149
2290
2108
3929
6773
4284
1334
6609
512
8787
4367
6332
2741
8205
9845
9792
3460
5510
2929
3868
8644
2317
4695
2942
8464
8871
5512
226
4777
4679
3497
4754
6822
9978
8491
9889
9052
141
450
1676
5266
2342
1466
6849
2319
1472
41
2581
2262
7859
9647
3973
1905
2538
6362
5391
9029
6616
4738
8394
916
7121
4632
2655
8904
2308
5739
813
6645
3552
6549
5894
7911
8230
7742
448
9559
1885
9332
4478
2870
3137
5706
1254
9597
8439
8981
3586
1807
9510
6264
5844
7594
8923
4851
7506
2973
6444
3731
906
6222
5323
3029
1374
6431
8596
3998
3613
2508
7166
5848
7085
7281
8200
3248
533
3093
584
7603
9644
7847
2197
782
388
6749
9379
239
7562
341
8569
5564
1350
2394
2427
3949
9571
2456
9549
8095
7474
1136
6048
5172
2984
7454
6038
4914
267
617
165
2465
2136
3880
4168
2233
639
7029
3528
5243
4039
8924
2791
6098
8611
4080
8365
5907
5707
7240
6398
2207
1161
3971
8087
1105
6839
5381
8559
7991
5903
2918
8859
678
5020
2081
9843
9295
8381
4428
1417
486
4474
5629
3539
3795
8203
4925
9141
1868
8122
4004
9442
8059
1612
7246
2797
3137
2563
7819
6305
9660
1716
3971
9191
5141
8898
978
6207
5459
916
8668
3868
8541
6791
2162
6183
8775
8029
9641
3912
2038
8529
4167
9077
7659
3037
8167
8130
2574
5157
5336
8346
4061
1024
7779
6883
6486
8409
6443
8445
6849
1573
4148
3156
1551
257
8804
2231
9470
722
7119
1535
5152
5021
686
9921
3978
8862
8436
9869
8213
631
2170
5547
8873
1094
7659
8155
7049
5050
5929
4551
1599
9667
6004
9243
6997
1885
7117
2771
6395
1868
4673
7479
6184
6643
1726
1284
4891
8226
2358
9219
2115
778
4132
41
914
531
5103
2674
5224
3691
6897
3303
6883
8454
9825
8440
4599
7474
2055
50
4721
4546
5392
942
5768
2993
4723
5646
6054
7552
4248
3269
1389
7646
4079
1010
8678
157
7252
3960
9671
2204
6688
8406
4519
7754
7284
8205
1900
7907
7700
861
5555
4016
4980
5075
2435
26
701
7494
2788
3060
2585
9214
74
804
9326
9179
9793
1624
7743
3587
7049
9288
6009
7814
2322
8972
2144
749
5344
6627
690
44
450
120
3168
6521
7325
8319
8909
7883
7671
7206
4722
3067
2683
2489
9365
6506
1224
8940
6270
430
7781
8919
7029
4710
8578
450
8834
8086
2073
5201
1847
6997
3530
9205
7563
5912
6946
2075
5631
1
8352
9332
8113
9111
6371
8312
2665
6391
5323
8135
5282
1583
5386
4560
6314
8225
825
9034
8713
1928
5394
8935
5953
1928
590
1461
5947
4186
9544
2846
3342
6552
7340
2317
4343
9372
9555
1554
3171
8538
1523
74
435
3227
6443
721
6814
6846
1177
6399
9221
7410
7821
4834
7766
3961
9528
7186
6676
5726
9365
9544
652
3922
5678
6221
5430
4296
1483
6598
5220
4230
3882
5892
5277
4989
5039
7147
3373
7381
2285
6183
4040
3303
8293
2489
2866
1624
7272
5958
9879
5275
9980
6943
6600
7386
7132
7591
9702
1696
8975
2031
8230
8472
741
6021
2
7876
7505
5081
9509
9312
586
5247
597
496
5989
5387
5717
9981
7854
3734
2546
249
5346
2208
4039
4405
9425
6449
5792
6934
2827
301
988
3624
6757
4528
1886
5673
676
7998
3584
9697
6120
381
5810
2251
4398
4863
7703
9751
5142
616
2591
2089
7175
1750
8821
9661
115
7347
4461
8807
1826
405
9421
3217
2564
2950
8793
6105
7559
3541
5314
6780
1127
8288
9990
5428
2813
3659
5850
2899
8609
4528
3151
8386
6605
9191
119
427
3274
4785
1636
4124
9935
2639
1929
4337
4291
8218
1474
2353
8604
6346
3765
2452
8657
5969
9531
3708
6296
7486
4834
433
9957
9339
7096
8959
1147
406
2756
5335
3128
1225
8564
8018
7526
7642
8518
1799
4983
2714
4144
7226
9580
6292
947
5470
6535
7326
8700
4390
9037
8899
3455
5467
7462
2093
8711
180
6944
1510
4392
9212
8044
2300
9058
1089
595
9258
3764
7783
8073
8173
3930
2302
5680
2754
63
1280
7649
792
9180
6986
994
3993
3948
8109
2569
9464
997
9176
6475
7189
3937
6940
6269
3992
3893
7876
1726
4305
9195
8558
2170
5742
2783
6956
6654
3898
6221
8327
4930
4049
6068
1179
1520
2796
1821
8004
4670
57
1120
1212
741
5924
6665
558
977
1435
2390
1473
1702
4979
1245
5856
8688
657
3883
9048
1073
5513
3861
7166
9388
3324
6533
8688
4057
155
478
8587
2763
1237
2046
7858
9063
1817
7239
2280
8493
200
6891
5743
8890
5392
7902
5764
677
1079
1874
8909
7667
5762
8649
128
6272
1782
6416
1214
9953
6792
8938
2040
2286
324
1081
2447
6589
7193
7207
1991
3081
4824
3076
6114
1167
8143
6154
3754
85
9038
7157
8774
5380
1656
284
1096
4129
4664
3265
4404
6613
3962
437
3076
6614
7862
7293
8721
2125
3292
9188
7411
1359
2235
1568
1616
5411
2544
3869
1700
9561
5500
1775
4951
1070
7492
1205
2625
3108
4086
7856
1197
9430
3888
3925
5227
7739
9116
1016
4951
4621
3237
9747
3640
5705
3303
9068
4384
8210
9798
1440
1129
7141
7083
8595
6065
1860
9013
916
2315
6825
5275
6852
8193
8886
4847
3765
953
1237
5554
7078
9126
9138
8402
6379
1203
1742
2037
610
2476
4960
6960
877
7129
9987
5362
2328
2143
2004
8360
9356
8653
7588
9538
3911
552
9387
5664
6540
3577
9479
7244
9905
6192
955
6265
8317
8145
8281
2392
9832
9457
2305
9732
870
1885
6521
8047
4945
8672
7725
590
6390
9458
8713
2732
1505
665
4193
6767
9259
3146
914
1837
9842
928
2403
9172
3646
9139
8732
7323
9024
8341
8604
9120
9717
4101
8856
3840
2904
3117
1311
567
9481
6455
6806
4178
3967
8656
7423
7474
363
1455
392
112
6170
9706
595
8199
8556
3260
5302
6290
6893
6049
5670
2661
8623
6416
8624
3309
1346
6776
9986
2691
3537
7783
9956
9599
183
5568
9609
9516
1927
9480
2985
947
7013
6293
2551
9743
3056
5356
7494
5207
2952
9092
1381
1710
2814
157
6565
5486
59
4393
7982
9525
8137
1631
8682
3988
2699
2908
4264
6766
4391
3859
7802
2669
8860
7708
8968
2688
3150
6286
9969
3319
5732
2341
5929
1246
476
2561
3765
7016
5645
8634
3118
970
5902
8029
5088
7653
1293
6124
5401
6387
9252
6925
6230
9205
1315
6092
349
7768
4818
5178
5000
865
5235
4073
6914
1297
9071
2755
6892
8262
3144
5744
4668
9735
7483
4767
3201
2165
4807
4738
3039
6790
218
4336
4090
8847
5264
9796
3555
7265
2916
2742
6285
5312
3271
1474
8182
3803
9301
9306
369
2734
2660
2407
9883
5781
6830
9859
4650
1873
2088
3111
484
347
6333
6133
7541
2225
843
4889
9522
8865
7407
2708
5022
4133
3587
7489
4287
4395
7725
8501
1840
8452
7786
45
8370
8557
8016
5664
593
3023
8211
8249
3443
6872
9600
5695
5062
1137
813
6231
7460
6605
9329
8874
7687
6825
6289
7693
7391
3690
3773
827
4743
1862
37
5134
2139
8868
674
5822
4848
7486
8256
4561
1555
4516
3524
5499
1303
1642
5452
8543
4539
4316
2180
9801
1625
2997
8773
4894
9263
1690
1500
9236
4538
119
2026
6614
8340
7448
1067
6872
8221
4949
9122
2339
6684
7071
964
673
4343
4566
4569
749
2380
2712
4973
6399
1000
9878
1414
3577
6782
9400
3974
2625
8082
547
1580
1613
1782
4632
2688
7931
429
6576
2356
6149
5923
8562
1409
5858
8126
6952
7074
4790
2245
7964
5310
5634
1953
3293
5377
9324
103
1498
8314
3141
2119
5378
7316
3991
4522
9596
7449
4374
4577
4866
3262
1568
1172
9715
2521
3786
1274
7102
5663
3910
1892
8910
6885
4501
7023
9781
4559
8269
5862
8109
7483
5375
1471
2999
7718
5917
8762
9014
302
9636
5085
9941
4295
2174
9226
8101
6005
745
6489
4276
4036
1106
3821
7427
9128
5104
5083
6676
7877
2229
6574
962
8770
742
6796
9157
8853
7039
803
8096
3855
5075
3385
251
114
332
8294
8180
493
1661
4688
3128
1198
5265
5794
5842
1189
6418
4904
1367
9503
5319
9876
1973
1532
6107
479
5527
9126
6609
6223
144
9222
9275
9271
6125
1728
296
4912
4921
9243
9551
413
6462
1256
5341
2745
29
4805
7331
3779
8790
9586
464
2636
7705
4104
4625
4962
5113
7214
4602
4516
9833
1770
3307
9289
7224
5787
3443
7495
4895
2747
8889
4496
2343
3412
7620
8221
2334
7779
4772
1627
631
5708
830
4297
4370
7120
1270
2772
6721
2872
8653
3410
3160
9850
4502
1271
9548
6158
5017
3086
5296
86
8326
7091
3626
7751
8378
3660
3097
4160
8765
2338
6777
4020
6202
5826
8210
3853
798
873
7492
7462
9198
9293
2340
3283
8535
2303
9729
2253
7868
1486
1069
6823
7955
6675
4300
5292
3871
630
318
5178
8198
5202
1834
9206
7098
8073
8551
4171
849
2675
9559
5120
8078
3690
9496
6336
3951
8166
2276
2463
3119
3743
8369
9569
4589
8602
9272
6900
4570
8059
5317
7432
852
6535
7620
9871
1472
5168
3013
9950
518
9877
4083
9212
6369
9940
2509
1085
6206
7664
4826
2497
1100
1455
3613
2085
4603
5462
667
4686
8290
1631
1678
1467
2209
839
5449
6134
5517
5198
9629
148
9106
2636
5606
7700
8965
6882
6064
3071
8098
9942
808
4657
5016
6833
5597
8890
9483
147
3344
5563
5443
3848
5675
9863
166
8282
4455
3422
3749
6581
9272
8634
6454
3314
5007
6752
4544
6532
1675
8204
4358
5284
5711
1909
7035
8662
2246
9686
641
6986
9727
6169
6626
4191
6756
837
3908
115
257
3756
470
5248
4190
9067
4750
8532
7183
3133
4473
3438
9960
3271
1857
7889
3697
2708
8330
1260
2108
768
3781
8483
7008
3883
1519
4401
3301
8791
7929
6683
783
8589
9169
9995
7801
473
838
9691
5205
8971
7053
7468
4764
5643
4510
3259
7077
4923
680
1388
8775
2049
1328
4513
2263
522
5888
4602
4850
7818
7105
4385
1480
7300
1016
803
9354
8302
7217
5221
5498
2757
1461
8417
5464
8389
2287
7197
1866
7027
424
8841
6570
3904
8548
7919
5317
8153
4874
5963
2687
7381
178
9920
359
7831
7862
8833
9806
5430
4043
3713
9583
3266
4127
3618
8354
4901
3298
1486
9051
2475
6534
5517
5186
4232
6729
2631
2973
4771
4091
7015
729
5291
3425
7976
9238
9144
3719
1632
609
8993
4543
2059
2744
9521
6897
1698
1629
5836
7820
276
6950
5851
2748
7533
136
3629
6210
3285
9678
4955
758
5225
3683
3027
7783
3474
4578
9627
1445
9781
9059
7406
6027
4668
7503
6592
1971
473
7227
8150
6811
2082
2402
9786
4589
9755
9467
8415
2547
3487
7761
3769
3655
4542
225
9979
9610
6397
9979
4576
8913
4375
2385
5292
1119
5960
801
7151
9953
4178
6256
4201
1155
3929
1145
5366
3736
52
4104
4510
8031
5322
5840
2245
1382
4393
5072
3807
8401
6539
6138
4251
189
1332
4256
9895
891
7783
5053
9411
8540
5056
9938
1589
6616
9803
7776
